camera_matrix:
- - 1440.4152999640942
  - 0.0
  - 981.0669554295833
- - 0.0
  - 1446.9517966671535
  - 544.8325813992967
- - 0.0
  - 0.0
  - 1.0
dist_coeff:
- - 0.06200964857201756
  - -0.21080876636116172
  - 0.0006658990987554589
  - 0.005594191143150983
  - 0.18639035828211514
